function idsdata=fet_data(i)
idsmat(:,1)=[...
0.0000000000000000e+00
1.1021627361518429e-07
2.2122491095602644e-07
3.3497387245360081e-07
4.5528733585027154e-07
5.8713674879608366e-07
7.3534740519148587e-07
9.0376742274389813e-07
1.0942717036596400e-06
1.3069843486649343e-06
1.5420680269886449e-06
1.7989451783689752e-06
2.0754190638564209e-06
2.3705376764089487e-06
2.6843173194318289e-06
3.0159309203706546e-06
3.3645708463568451e-06
3.7289655771818552e-06
4.1068711423480722e-06
4.4972744274374034e-06
4.9003526538916155e-06
5.3153965981666780e-06
5.7404997887005564e-06
6.1741676515269610e-06
6.6171528292259653e-06
7.0704478464128128e-06
7.5339075792195997e-06
8.0070894013691250e-06
8.4891738722552975e-06
8.9784408517523367e-06
9.4739285024586424e-06
9.9764113105668883e-06
1.0488342765325543e-05
1.1010575456343053e-05
1.1541234993681910e-05
1.2078222283677474e-05
1.2620882257330721e-05
1.3171166615355864e-05
1.3732099975176351e-05
1.4305581057956302e-05
1.4889194829786716e-05
1.5480601700102406e-05
1.6078295413842752e-05
1.6680069649865603e-05
1.7288171359030242e-05
1.7905480448923317e-05
1.8529990122576062e-05
1.9162032353127078e-05
1.9800441497649163e-05
2.0443928285446392e-05
2.1099520335014305e-05
2.1770041827977635e-05
2.2449740958652027e-05
2.3134823135488528e-05
2.3823566849910881e-05
2.4514883473029400e-05
2.5216665133638973e-05
2.5932062958571873e-05
2.6652787191793807e-05
2.7374338421677566e-05
2.8096613478483047e-05
2.8822370615491004e-05
2.9561101354183900e-05
3.0314524659011279e-05
3.1078559299996212e-05
3.1854283860417814e-05
3.2643103879165285e-05
3.3437759014619729e-05
3.4227618491370867e-05
3.5013082788033615e-05
3.5804484939381584e-05
3.6615053895607874e-05
3.7443551822432611e-05
3.8273442597316752e-05
3.9106965048927253e-05
3.9947253518477508e-05
4.0785181157572209e-05
4.1622328491693755e-05
4.2472701120153928e-05
4.3336959500255324e-05
4.4205034047251137e-05
4.5079982099973631e-05
4.5976269348916463e-05
4.6890845867693414e-05
4.7796479046641339e-05
4.8672186305502043e-05
4.9537986128222500e-05
5.0425537372804484e-05
5.1341496392995429e-05
5.2288234724375568e-05
5.3250999702353140e-05
5.4211308020510993e-05
5.5158433143010597e-05
5.6103480333728130e-05
5.7068789332353965e-05
5.8055675553828954e-05
5.9067857189846545e-05
6.0102463466682792e-05
6.1143507853649034e-05
6.2187496769181637e-05
6.3237999999999939e-05
    ];
idsmat(:,2)=[...
0.0000000000000000e+00
1.0112662836076941e-07
2.0213597543268449e-07
3.0365918966157617e-07
4.0802729820291640e-07
5.1920982512229049e-07
6.4155109662345752e-07
7.7821590288127118e-07
9.3136035112210663e-07
1.1027337478917882e-06
1.2928062143702885e-06
1.5010676614939259e-06
1.7271775853790384e-06
1.9700250709365197e-06
2.2277705712499791e-06
2.4994440864621960e-06
2.7846016810958689e-06
3.0821684255505655e-06
3.3918502829529298e-06
3.7137001265280183e-06
4.0464575801010282e-06
4.3883094173824402e-06
4.7379569623824444e-06
5.0953094498674787e-06
5.4608372117134676e-06
5.8348613539289314e-06
6.2160782196490682e-06
6.6030924300254747e-06
6.9951521634406432e-06
7.3924192947661308e-06
7.7973618447049594e-06
8.2115728382893611e-06
8.6329917985711419e-06
9.0609630817801643e-06
9.4987715500225149e-06
9.9467548818468673e-06
1.0400942877085258e-05
1.0857124956494206e-05
1.1317116332764250e-05
1.1789792662181122e-05
1.2274919433660657e-05
1.2763929720119593e-05
1.3257466752130400e-05
1.3761652667590408e-05
1.4275116457929281e-05
1.4793177931308109e-05
1.5316898177118774e-05
1.5850044901057552e-05
1.6394539540390321e-05
1.6950871220256449e-05
1.7516433602724651e-05
1.8087210751769540e-05
1.8660592500290009e-05
1.9235752226598439e-05
1.9817414964239708e-05
2.0409332202396919e-05
2.1013038459419823e-05
2.1627648086997569e-05
2.2250964732436443e-05
2.2882479077893088e-05
2.3519847637671339e-05
2.4161293281407489e-05
2.4808657749250038e-05
2.5461898615064703e-05
2.6118639206631486e-05
2.6780294744168611e-05
2.7451242758149752e-05
2.8132359471427621e-05
2.8814487914395259e-05
2.9491323796197983e-05
3.0169411104380944e-05
3.0862547340649424e-05
3.1570958677940890e-05
3.2289794858349335e-05
3.3016722650574150e-05
3.3749224532466132e-05
3.4491695367342353e-05
3.5245596888855053e-05
3.5999046025115067e-05
3.6746134880021083e-05
3.7495035049507431e-05
3.8256872519440590e-05
3.9044988024401193e-05
3.9855249735589288e-05
4.0662808925279447e-05
4.1470901959753028e-05
4.2304610852703835e-05
4.3148775512309075e-05
4.3981802776085771e-05
4.4808546801992033e-05
4.5639940968157547e-05
4.6495471517015822e-05
4.7374768986968074e-05
4.8257094924760376e-05
4.9142016442356528e-05
5.0041727837409379e-05
5.0952506168995826e-05
5.1867830310661314e-05
5.2807036761313047e-05
5.3760376866601545e-05
5.4700999999999977e-05
    ];
idsmat(:,3)=[...
0.0000000000000000e+00
9.3365387995888549e-08
1.8575702496782405e-07
2.7652376386788418e-07
3.6711449955134520e-07
4.6137299355509083e-07
5.6349331542302475e-07
6.7664915688948309e-07
8.0313464811568743e-07
9.4450770002690600e-07
1.1012526934141146e-06
1.2729596477552613e-06
1.4586963539259018e-06
1.6579463494019617e-06
1.8705482772759898e-06
2.0954511076517672e-06
2.3311902568746564e-06
2.5770306211159174e-06
2.8321462000174009e-06
3.0954999300327495e-06
3.3667239527483760e-06
3.6458292533335286e-06
3.9318606773575859e-06
4.2235727617363277e-06
4.5207562812307819e-06
4.8241800255407638e-06
5.1336267791600741e-06
5.4486574472702462e-06
5.7702078623287913e-06
6.0976569674850733e-06
6.4293596749623987e-06
6.7655646512254097e-06
7.1086529723211351e-06
7.4599316802026569e-06
7.8168276783116362e-06
8.1788266704065046e-06
8.5498757253282490e-06
8.9317861538985290e-06
9.3212114544097031e-06
9.7139640318964829e-06
1.0109467720153736e-05
1.0509648018591512e-05
1.0920625800277615e-05
1.1343007933701642e-05
1.1772147530544820e-05
1.2207199856583265e-05
1.2650248178164443e-05
1.3101101061668928e-05
1.3557943942419993e-05
1.4020556665055061e-05
1.4490924755829575e-05
1.4971301855588943e-05
1.5460458142356800e-05
1.5955299534675416e-05
1.6452413955210497e-05
1.6951823693845255e-05
1.7461075892543146e-05
1.7984748006382815e-05
1.8517914526231954e-05
1.9056498686608692e-05
1.9601165594127451e-05
2.0150800797247830e-05
2.0705269112123515e-05
2.1267205282874302e-05
2.1833277211214750e-05
2.2407123201586253e-05
2.2998017868880484e-05
2.3605145971111157e-05
2.4220546454653803e-05
2.4839493636413684e-05
2.5463158751669603e-05
2.6091890647314599e-05
2.6721018175461455e-05
2.7346901232834063e-05
2.7972742119560610e-05
2.8608803859083069e-05
2.9256714244077520e-05
2.9913541732608669e-05
3.0582589915410303e-05
3.1262243672814483e-05
3.1949695083710582e-05
3.2643349511171448e-05
3.3344520501933524e-05
3.4052268936922155e-05
3.4763723615393529e-05
3.5477065845332719e-05
3.6191882336998610e-05
3.6907072529234467e-05
3.7628302864504708e-05
3.8368871375852688e-05
3.9133232738359624e-05
3.9913348845713772e-05
4.0697249194588494e-05
4.1488967451652908e-05
4.2292691112869327e-05
4.3111253885943181e-05
4.3954758608249020e-05
4.4819731119001833e-05
4.5690043748025945e-05
4.6557726626453548e-05
4.7423999999999965e-05
    ];
