function idsdata=fet_data(i)
idsmat(:,1)=[...
0.0000000000000000e+00
1.2937357340547096e-07
2.5098293147680462e-07
3.6229592929252591e-07
4.6573209998285322e-07
5.6877742282836901e-07
6.7516485138002661e-07
7.8630549814757414e-07
9.0989483423354092e-07
1.0495951833193595e-06
1.2047414934897211e-06
1.3796467231717896e-06
1.5772296301548737e-06
1.8017125304494700e-06
2.0549979922418031e-06
2.3312963854119582e-06
2.6347993885902639e-06
2.9756519406297418e-06
3.3535662683486104e-06
3.7628613744566586e-06
4.2036702484116611e-06
4.6817910811262265e-06
5.1989678889701027e-06
5.7564523593962441e-06
6.3523361577859516e-06
6.9796157664065875e-06
7.6393394321323707e-06
8.3388112647708922e-06
9.0781599116785510e-06
9.8527194945184057e-06
1.0658032283341919e-05
1.1497669525835262e-05
1.2381025363419893e-05
1.3306283765507883e-05
1.4264928645114692e-05
1.5261350873039697e-05
1.6302119598673942e-05
1.7383723627342407e-05
1.8507157186353025e-05
1.9675654607077786e-05
2.0886396907764071e-05
2.2135234733976665e-05
2.3417824573934316e-05
2.4741123605031466e-05
2.6110969200780374e-05
2.7518140937581863e-05
2.8960305878012220e-05
3.0442225396630807e-05
3.1964886312009592e-05
3.3536149215009041e-05
3.5166087499511937e-05
3.6855329697224869e-05
3.8601414142743122e-05
4.0400436567727525e-05
4.2245958280777822e-05
4.4130051347695734e-05
4.6057371017095366e-05
4.8050111561462734e-05
5.0107677051222466e-05
5.2215889078773081e-05
5.4367215852148638e-05
5.6563948267076231e-05
5.8828124288323055e-05
6.1189662156968186e-05
6.3637865049950062e-05
6.6123006186951915e-05
6.8638245157264988e-05
7.1223979996218350e-05
7.3883282681453316e-05
7.6611100877872030e-05
7.9421704522899977e-05
8.2291777243740223e-05
8.5195834026716315e-05
8.8183798240910226e-05
9.1297669294155623e-05
9.4502090260246648e-05
9.7753005334135149e-05
1.0102648409096870e-04
1.0437479981302919e-04
1.0781799586990072e-04
1.1129406625657504e-04
1.1484645455768260e-04
1.1853857267685176e-04
1.2235125321374252e-04
1.2624808247695458e-04
1.3022367117980642e-04
1.3428548520161602e-04
1.3840226475167957e-04
1.4258144271952835e-04
1.4682224395718747e-04
1.5110535240549108e-04
1.5550437038115201e-04
1.6009646414317250e-04
1.6484215109690911e-04
1.6964624730849806e-04
1.7449428173639238e-04
1.7930665102269247e-04
1.8408847594507817e-04
1.8906242509375933e-04
1.9430762504515575e-04
1.9965000000000008e-04
    ];
idsmat(:,2)=[...
0.0000000000000000e+00
1.1046620631695688e-07
2.1376499648233213e-07
3.0831738433316811e-07
3.9604326929431710e-07
4.8104425178749356e-07
5.6841584755024046e-07
6.6086106764148940e-07
7.5850848770130760e-07
8.6444121307209705e-07
9.8318960319672239e-07
1.1164233364703243e-06
1.2631902470444814e-06
1.4203982194377278e-06
1.5909780195671505e-06
1.7826444856831702e-06
1.9940149139610250e-06
2.2197544585304286e-06
2.4623094889447558e-06
2.7232887191499800e-06
2.9997286102792105e-06
3.2925335893168928e-06
3.6045162465058187e-06
3.9370445327149194e-06
4.2908382379816038e-06
4.6631917516957087e-06
5.0547895901798793e-06
5.4698428965312653e-06
5.9068471179774562e-06
6.3617689713936171e-06
6.8332911834116150e-06
7.3294870614154953e-06
7.8575160408963848e-06
8.4171625342350274e-06
9.0067909460586857e-06
9.6213475784701745e-06
1.0256748758582181e-05
1.0911507037966495e-05
1.1593784598674422e-05
1.2313745565543584e-05
1.3072020246230979e-05
1.3864255468945855e-05
1.4686952558402746e-05
1.5538167654298243e-05
1.6410941313031103e-05
1.7307249045451263e-05
1.8240470325192876e-05
1.9214652936382725e-05
2.0223276184083971e-05
2.1259277600603875e-05
2.2324739809781665e-05
2.3437063760290063e-05
2.4605537217084232e-05
2.5826801294827267e-05
2.7088639039033423e-05
2.8379378571988286e-05
2.9708139217211239e-05
3.1080629042631569e-05
3.2492952228473277e-05
3.3959727032311048e-05
3.5496272442550609e-05
3.7100157505606058e-05
3.8748162774027312e-05
4.0420289210102341e-05
4.2133403703196819e-05
4.3910716379432668e-05
4.5748061917400592e-05
4.7644661280822628e-05
4.9602474831556795e-05
5.1625091211309916e-05
5.3712571188244662e-05
5.5834607818889283e-05
5.7989582553941389e-05
6.0218613829770059e-05
6.2560896586925875e-05
6.5008514207804156e-05
6.7517638360390831e-05
7.0071714078897711e-05
7.2688593224227180e-05
7.5399855556021537e-05
7.8224320337687273e-05
8.1133349031472301e-05
8.4092002391820026e-05
8.7095354616508825e-05
9.0118606663009847e-05
9.3187174613501976e-05
9.6375597663990589e-05
9.9717789345615977e-05
1.0318196050462928e-04
1.0670327862151435e-04
1.1028761857349574e-04
1.1395847492398211e-04
1.1771416248317285e-04
1.2156099842824364e-04
1.2552753962342963e-04
1.2961912013032434e-04
1.3379181766720317e-04
1.3800621572374928e-04
1.4219519173919547e-04
1.4635514336552212e-04
1.5051999999999999e-04
    ];
idsmat(:,3)=[...
0.0000000000000000e+00
1.0296930102963862e-07
1.9894018565404879e-07
2.8630982732140854e-07
3.6727608918922223e-07
4.4569320019466017e-07
5.2515182081557552e-07
6.0714816674256361e-07
6.9307068327929963e-07
7.8484092615402691e-07
8.8334658861414292e-07
9.8985138162894819e-07
1.1060357997508985e-06
1.2316815612446192e-06
1.3641311071605386e-06
1.5027990175695036e-06
1.6470061901416661e-06
1.7963657709314135e-06
1.9522196690649469e-06
2.1148574430987397e-06
2.2830920447993600e-06
2.4588809465866427e-06
2.6436808245086739e-06
2.8364014581000402e-06
3.0386821079278045e-06
3.2526978969914319e-06
3.4771024034318416e-06
3.7126877550393415e-06
3.9627693140395978e-06
4.2274214663971154e-06
4.5057567325716527e-06
4.8000186660426112e-06
5.1145555927173920e-06
5.4502012190855209e-06
5.8054653488790675e-06
6.1810341390604054e-06
6.5783925222654095e-06
6.9974436576243154e-06
7.4348679831806825e-06
7.8886964465266558e-06
8.3651425910920494e-06
8.8683178836412226e-06
9.3946957697742214e-06
9.9412691856900993e-06
1.0504994831518548e-05
1.1090473108343447e-05
1.1710337857869473e-05
1.2365856646184704e-05
1.3051132465272640e-05
1.3764737161712264e-05
1.4510707328398447e-05
1.5290342417203506e-05
1.6094103283980329e-05
1.6918825579641092e-05
1.7779946855187609e-05
1.8690009005897748e-05
1.9641250801370276e-05
2.0619390938107933e-05
2.1624150970559684e-05
2.2674091424125164e-05
2.3774050519235747e-05
2.4915870227977191e-05
2.6100793699349300e-05
2.7330163066642533e-05
2.8606268173889799e-05
2.9934529983450136e-05
3.1315350298441994e-05
3.2741778016862222e-05
3.4202192520426286e-05
3.5697725128543698e-05
3.7247579510548202e-05
3.8865059528959000e-05
4.0537322442809698e-05
4.2259932998531599e-05
4.4051185768369358e-05
4.5920592977889380e-05
4.7849181699116319e-05
4.9831540540146109e-05
5.1877287396818195e-05
5.3992150453838055e-05
5.6179200759502920e-05
5.8461366402554539e-05
6.0824866780056122e-05
6.3212814194394553e-05
6.5617986984800263e-05
6.8075624349723019e-05
7.0631058111571201e-05
7.3328930571711648e-05
7.6143344166513789e-05
7.9000020379165148e-05
8.1885817448284091e-05
8.4824340934787658e-05
8.7847217693874538e-05
9.1015975847200039e-05
9.4332881356274046e-05
9.7755653560351551e-05
1.0122442272490242e-04
1.0472690806803719e-04
1.0833366204469917e-04
1.1201077970634004e-04
1.1569000000000003e-04
    ];
