function idsdata=fet_data(i)
idsmat(:,1)=[...
0.0000000000000000e+00
1.4018758943029925e-07
2.7975910059946552e-07
4.2376388229643975e-07
5.8192560839202996e-07
7.6466071921539061e-07
9.8085343633495692e-07
1.2372732523666587e-06
1.5382363455613522e-06
1.8854414292348810e-06
2.2784817582477525e-06
2.7170246171574713e-06
3.1990144653409071e-06
3.7204136603913385e-06
4.2775391811529223e-06
4.8656830838531235e-06
5.4801526395239368e-06
6.1191349679486175e-06
6.7808079216331450e-06
7.4610482162106823e-06
8.1560188741719968e-06
8.8625593738277422e-06
9.5798468620254695e-06
1.0308368600571008e-05
1.1047352567673566e-05
1.1796903903495266e-05
1.2560547044458586e-05
1.3339764841981143e-05
1.4131426868982706e-05
1.4937900053280768e-05
1.5766274466694924e-05
1.6617985221273739e-05
1.7489260458278570e-05
1.8375964196339835e-05
1.9278435769678714e-05
2.0200232685442474e-05
2.1145235272142946e-05
2.2116112360889313e-05
2.3117338648817873e-05
2.4149800210819281e-05
2.5204552191402766e-05
2.6287180713997200e-05
2.7405608267126015e-05
2.8539821777891113e-05
2.9677976487803242e-05
3.0838832019207706e-05
3.2042008956125469e-05
3.3279732235419994e-05
3.4542389247329284e-05
3.5836774873672145e-05
3.7162450563035728e-05
3.8513366396233004e-05
3.9894956873443221e-05
4.1309380665728431e-05
4.2749377503718200e-05
4.4217957998783045e-05
4.5720402743186656e-05
4.7265325441988620e-05
4.8861233622990885e-05
5.0499507486701756e-05
5.2164287807574584e-05
5.3867295107827292e-05
5.5629620218157111e-05
5.7427375811065960e-05
5.9224626007007016e-05
6.1033414610942445e-05
6.2898181084052287e-05
6.4830252677088740e-05
6.6797369682779266e-05
6.8792564481938326e-05
7.0812574564682154e-05
7.2859117965185609e-05
7.4968352378547773e-05
7.7156598433699707e-05
7.9392449708994058e-05
8.1641592617527669e-05
8.3904015836529843e-05
8.6178296874055979e-05
8.8478735871867065e-05
9.0829965200501427e-05
9.3213680254612842e-05
9.5637714855614339e-05
9.8105103895425205e-05
1.0058613341880198e-04
1.0308164834408272e-04
1.0561465085493099e-04
1.0817568365482999e-04
1.1077119130418326e-04
1.1347771937783529e-04
1.1629977349816230e-04
1.1919400686686307e-04
1.2215405866137800e-04
1.2518551101096595e-04
1.2833567058761629e-04
1.3157831904415026e-04
1.3481467827895790e-04
1.3802351078199036e-04
1.4128501956833572e-04
1.4466726658580439e-04
1.4816603468761097e-04
1.5170999999999997e-04
    ];
idsmat(:,2)=[...
0.0000000000000000e+00
1.3083776128470202e-07
2.5792814648838478e-07
3.8375278011397326e-07
5.1670900681223759e-07
6.6616454477043766e-07
8.4006505277138293e-07
1.0450456074729325e-06
1.2855195460378228e-06
1.5634493501240846e-06
1.8787304208597259e-06
2.2298750981275040e-06
2.6136536402305874e-06
3.0260172320844307e-06
3.4635506593619554e-06
3.9226676261055554e-06
4.3991259762950539e-06
4.8886292310012137e-06
5.3885630918588054e-06
5.8971434138470775e-06
6.4121111308522324e-06
6.9322222191901772e-06
7.4555748485134515e-06
7.9819239698829537e-06
8.5140296619748774e-06
9.0549250276241792e-06
9.6065297766580072e-06
1.0166487943757430e-05
1.0729654833168389e-05
1.1298453297364060e-05
1.1879800894059613e-05
1.2475913637079661e-05
1.3089323096080809e-05
1.3721933640988747e-05
1.4369901085539854e-05
1.5029084652407247e-05
1.5702121291400331e-05
1.6391833710359781e-05
1.7099311360807972e-05
1.7827005353480040e-05
1.8573664079597885e-05
1.9341730295293968e-05
2.0132102555768385e-05
2.0943945538692864e-05
2.1776425458030202e-05
2.2631945611703544e-05
2.3518116237227282e-05
2.4433116329549094e-05
2.5365149419369091e-05
2.6309751312137993e-05
2.7279039845454445e-05
2.8287452872613812e-05
2.9326038936917618e-05
3.0378835414917639e-05
3.1454405902833169e-05
3.2576288372564686e-05
3.3744255108547182e-05
3.4942176371095427e-05
3.6163087259433863e-05
3.7415875399479441e-05
3.8693471914123038e-05
3.9981242240908704e-05
4.1299568339117812e-05
4.2683781995575646e-05
4.4128387325525143e-05
4.5616502594542717e-05
4.7139351131290138e-05
4.8694090584322912e-05
5.0274252115236064e-05
5.1883425365793313e-05
5.3535948810517494e-05
5.5239017837848221e-05
5.6994715525032985e-05
5.8786983149323111e-05
6.0614889365192026e-05
6.2510724761350093e-05
6.4460061818860878e-05
6.6430954177851178e-05
6.8444545054596682e-05
7.0519092121587980e-05
7.2649552759145492e-05
7.4833038589659876e-05
7.7048690099289642e-05
7.9291359134906408e-05
8.1581271415759920e-05
8.3940230453674548e-05
8.6359608610634984e-05
8.8818953203218779e-05
9.1317133403150295e-05
9.3861543602306182e-05
9.6472385329247833e-05
9.9156972399336193e-05
1.0189773701081330e-04
1.0469355288033916e-04
1.0755665745254550e-04
1.1046015818213492e-04
1.1334217976792873e-04
1.1624299750271253e-04
1.1924428666883277e-04
1.2231816893293259e-04
1.2543999999999994e-04
    ];
idsmat(:,3)=[...
0.0000000000000000e+00
1.2488891829735618e-07
2.4510233605656189e-07
3.6102404390212840e-07
4.7835651335984041e-07
6.0596032861591628e-07
7.5193507295669440e-07
9.2139782783621267e-07
1.1176888343196459e-06
1.3438753668297257e-06
1.6014594246977085e-06
1.8877219217334038e-06
2.1982861225007147e-06
2.5284075214139804e-06
2.8740004279672476e-06
3.2326031856084587e-06
3.6002798386474724e-06
3.9722709713485472e-06
4.3463614392800799e-06
4.7228418869889385e-06
5.1013023620258062e-06
5.4810097467050136e-06
5.8615546284183725e-06
6.2430787409632780e-06
6.6260903529601768e-06
7.0120763502722221e-06
7.4017709838482979e-06
7.7962307605437416e-06
8.1994328581498759e-06
8.6124349324560595e-06
9.0344723709215329e-06
9.4648276111777599e-06
9.9073089813487568e-06
1.0366662805823388e-05
1.0842597048282933e-05
1.1331886007779941e-05
1.1832236791423706e-05
1.2344498813236409e-05
1.2875534915818294e-05
1.3425467679404726e-05
1.3988473974312746e-05
1.4567075567793894e-05
1.5162865293795073e-05
1.5773832580655040e-05
1.6399722350047121e-05
1.7041199093281827e-05
1.7708745403914490e-05
1.8404666982123261e-05
1.9115502267105669e-05
1.9837422204845226e-05
2.0579735669695674e-05
2.1350794321949240e-05
2.2149332034473593e-05
2.2974916824073275e-05
2.3828788263685065e-05
2.4706496158885770e-05
2.5603440904415095e-05
2.6532609589468750e-05
2.7503858013732679e-05
2.8498992737330909e-05
2.9512619929879489e-05
3.0558175697350380e-05
3.1637851268289219e-05
3.2750834058059099e-05
3.3897235310612959e-05
3.5074978127996116e-05
3.6287767575782462e-05
3.7539462616077418e-05
3.8829171960858439e-05
4.0148575985206764e-05
4.1488585657267291e-05
4.2864198247358913e-05
4.4307205151749980e-05
4.5823411704265126e-05
4.7376256172727137e-05
4.8940649752851826e-05
5.0527637477819297e-05
5.2163898536642371e-05
5.3861044220518067e-05
5.5611111091889296e-05
5.7399901227081038e-05
5.9219516276472829e-05
6.1078310944847318e-05
6.2992730541624925e-05
6.4964621345070186e-05
6.6993326044596677e-05
6.9063241862391239e-05
7.1195804778644955e-05
7.3400539186946022e-05
7.5645606572101126e-05
7.7921387601998418e-05
8.0242588242033001e-05
8.2617506748436831e-05
8.5025609034093617e-05
8.7453917769552214e-05
8.9921288356527114e-05
9.2476825065111284e-05
9.5139631964744382e-05
9.7838376212081677e-05
1.0052147359784889e-04
1.0319200000000005e-04
    ];
