function idsdata=fet_data(i)
idsmat(:,1)=[...
0.0000000000000000e+00
1.6212345082516734e-07
3.2229560119508032e-07
4.8555451631081877e-07
6.6294747828651662e-07
8.6583288564983775e-07
1.1034237323825074e-06
1.3837516934737519e-06
1.7120157888455578e-06
2.0896692021185664e-06
2.5158673986774879e-06
2.9891490786615343e-06
3.5071582960126136e-06
4.0641858768095153e-06
4.6551142857024357e-06
5.2770960712920710e-06
5.9242217259335971e-06
6.5882328245010542e-06
7.2679201117429708e-06
7.9689204388581281e-06
8.6902665046487596e-06
9.4259669937214739e-06
1.0174330596259679e-05
1.0937502229492139e-05
1.1715235406110792e-05
1.2507786598355859e-05
1.3317813350664427e-05
1.4146556106477434e-05
1.4993792991079850e-05
1.5856595262562236e-05
1.6728785076255138e-05
1.7613458176568157e-05
1.8521880931525949e-05
1.9455137748979740e-05
2.0414980519578872e-05
2.1406765487062929e-05
2.2424963054720106e-05
2.3460495187013416e-05
2.4510782849506182e-05
2.5580989264904040e-05
2.6682104073616356e-05
2.7814998006381534e-05
2.8971661699369764e-05
3.0148846081267869e-05
3.1351839610085591e-05
3.2588143516915861e-05
3.3861706875003233e-05
3.5172030185856847e-05
3.6516284152067585e-05
3.7887885788214931e-05
3.9288026621403270e-05
4.0722341476680666e-05
4.2193736555898549e-05
4.3705152819997206e-05
4.5251284815986474e-05
4.6831906583429197e-05
4.8447649710477847e-05
5.0086882010959557e-05
5.1750579515096092e-05
5.3457036944045947e-05
5.5228475137652273e-05
5.7054545099850477e-05
5.8927129071492582e-05
6.0848330740547868e-05
6.2806786053354278e-05
6.4793725453107174e-05
6.6807344714307228e-05
6.8859394173273529e-05
7.0961333327217160e-05
7.3131714270312305e-05
7.5365478348796142e-05
7.7642698872879259e-05
7.9961415125237925e-05
8.2289521996865611e-05
8.4637129638080920e-05
8.7057483650506638e-05
8.9557115863627716e-05
9.2105740675087411e-05
9.4711905066126071e-05
9.7406329735400397e-05
1.0017780177533109e-04
1.0299007757792590e-04
1.0584258991747176e-04
1.0874457948003027e-04
1.1170831709825345e-04
1.1477863998427587e-04
1.1793293541761969e-04
1.2115988605798170e-04
1.2449494592708843e-04
1.2790213933624222e-04
1.3136270351637658e-04
1.3489868817078402e-04
1.3851729189817707e-04
1.4218434984303492e-04
1.4586302755522309e-04
1.4958630854646190e-04
1.5341669029562347e-04
1.5734252957470975e-04
1.6135947856683747e-04
1.6552440101718824e-04
1.6978000000000007e-04
    ];
idsmat(:,2)=[...
0.0000000000000000e+00
1.5375883815940645e-07
3.0284105316795863e-07
4.4959207882238038e-07
6.0281808437215465e-07
7.7258117586317065e-07
9.6760832015723384e-07
1.1954726975162526e-06
1.4596661815924085e-06
1.7604894178034965e-06
2.0994054946391223e-06
2.4769927973185125e-06
2.8899608471007014e-06
3.3326098475715189e-06
3.8017359588278182e-06
4.2937444856079244e-06
4.8021583967406403e-06
5.3214199491784892e-06
5.8497493027468158e-06
6.3893255632845620e-06
6.9402027785864346e-06
7.4992897965315074e-06
8.0651552173994277e-06
8.6388514570743085e-06
9.2208437901202335e-06
9.8114102306134253e-06
1.0409998280488706e-05
1.1017014504637513e-05
1.1635166621777447e-05
1.2264245539764890e-05
1.2898876713463799e-05
1.3539446737603037e-05
1.4196840755157075e-05
1.4876065875597699e-05
1.5572009721989038e-05
1.6278685511251654e-05
1.6998515490378193e-05
1.7738800293353710e-05
1.8502598333532189e-05
1.9287579084618287e-05
2.0088984657386109e-05
2.0907918699770997e-05
2.1747303970882333e-05
2.2601404483827131e-05
2.3473803819939454e-05
2.4380569839656656e-05
2.5321382601333540e-05
2.6289134388377791e-05
2.7283212278263858e-05
2.8303157092216744e-05
2.9348811849770560e-05
3.0421970506330481e-05
3.1521461826557416e-05
3.2651746233615844e-05
3.3819826146995292e-05
3.5025649548543056e-05
3.6255752597203996e-05
3.7503536302565139e-05
3.8792166233171987e-05
4.0133147267992807e-05
4.1516927606599375e-05
4.2934862608800449e-05
4.4389864326194815e-05
4.5888522684715271e-05
4.7428845376236116e-05
4.9007845973846788e-05
5.0641305800836359e-05
5.2338014009425489e-05
5.4066556611055790e-05
5.5813698429994173e-05
5.7612903177454107e-05
5.9478151335567073e-05
6.1403158475412841e-05
6.3391155212875515e-05
6.5441531471917513e-05
6.7537158601572807e-05
6.9669481214319287e-05
7.1857655672790435e-05
7.4121932224451066e-05
7.6439407850884417e-05
7.8793687569810050e-05
8.1199267113487192e-05
8.3662361313198910e-05
8.6199279363101844e-05
8.8821262276565994e-05
9.1498469035628476e-05
9.4228091172476896e-05
9.7041784418679027e-05
9.9957232896047180e-05
1.0294096137202593e-04
1.0596847020907647e-04
1.0906846872960374e-04
1.1222159152874911e-04
1.1540328672951340e-04
1.1865031054379947e-04
1.2199980814704555e-04
1.2546702730568965e-04
1.2901646803104965e-04
1.3261756282124503e-04
1.3630875190708707e-04
1.4008000000000005e-04
    ];
idsmat(:,3)=[...
0.0000000000000000e+00
1.4571924459880822e-07
2.8462107205359420e-07
4.1702438423785334e-07
5.5032770398624806e-07
6.9417939284216500e-07
8.5712107603593773e-07
1.0463748754129812e-06
1.2668194037687532e-06
1.5201368378427863e-06
1.8048960131536436e-06
2.1178320424595271e-06
2.4573690958676605e-06
2.8213320492732428e-06
3.2031479687140914e-06
3.5972218916655667e-06
4.0010488444859301e-06
4.4104958932700728e-06
4.8228975758593948e-06
5.2399183144443651e-06
5.6596529741456957e-06
6.0795331884388847e-06
6.5007551287245837e-06
6.9251548365366558e-06
7.3532076428657182e-06
7.7836960684309554e-06
8.2178000703622065e-06
8.6594058227090180e-06
9.1084461534190796e-06
9.5620972944454199e-06
1.0019286101550862e-05
1.0482672635035827e-05
1.0958435075631999e-05
1.1447463484450561e-05
1.1949097902866919e-05
1.2466960124178366e-05
1.3000383063642346e-05
1.3544786254583814e-05
1.4099478305608365e-05
1.4668710249503026e-05
1.5255928162425568e-05
1.5863898631044465e-05
1.6490050661723910e-05
1.7129169863168854e-05
1.7783456108021983e-05
1.8458441912123074e-05
1.9155422401068176e-05
1.9872052319683012e-05
2.0610556567134601e-05
2.1371822741897288e-05
2.2156174734748459e-05
2.2971976070393748e-05
2.3818781140565457e-05
2.4686438486375353e-05
2.5574145980972464e-05
2.6487793080291901e-05
2.7433414668927322e-05
2.8412711870293492e-05
2.9421644941934200e-05
3.0463476512772650e-05
3.1541194025701547e-05
3.2649189033850359e-05
3.3791432139592592e-05
3.4980354136904670e-05
3.6216285020861717e-05
3.7491920095791736e-05
3.8803269571055739e-05
4.0152061850645263e-05
4.1544238673278211e-05
4.2987316929384511e-05
4.4482722996362728e-05
4.6024304618088612e-05
4.7612298245372020e-05
4.9247528716422048e-05
5.0938350979012529e-05
5.2694619233954743e-05
5.4514042120571137e-05
5.6384185799181217e-05
5.8291776343022767e-05
6.0244874420137353e-05
6.2248428460819630e-05
6.4298326395527983e-05
6.6413829846523762e-05
6.8610442032167239e-05
7.0869717180409612e-05
7.3182669965911353e-05
7.5553839014436269e-05
7.7994901232382598e-05
8.0512588875426833e-05
8.3071007940683746e-05
8.5653679730097527e-05
8.8300594632687103e-05
9.1042904050524329e-05
9.3875198834316191e-05
9.6756630399198005e-05
9.9691451149498325e-05
1.0269973351035745e-04
1.0576105232292979e-04
1.0889341643308844e-04
1.1212743276922304e-04
1.1543000000000005e-04
    ];
