function idsdata=fet_data(i)
idsmat(:,1)=[...
0.0000000000000000e+00
2.4232263328783147e-07
4.7467807912158881e-07
6.9860947661656697e-07
9.2247526452238799e-07
1.1549856640968464e-06
1.4029500839124335e-06
1.6690414284903456e-06
1.9538715507178379e-06
2.2572127255819147e-06
2.5793914888859616e-06
2.9223448667008832e-06
3.2887060840136830e-06
3.6812663905137658e-06
4.1020745125019330e-06
4.5548019262574239e-06
5.0438768488631994e-06
5.5728681791657274e-06
6.1480423246230589e-06
6.7823111492056765e-06
7.4872470233655507e-06
8.2715140706876204e-06
9.1456556470469791e-06
1.0122926884816301e-05
1.1218099394473673e-05
1.2443364192174691e-05
1.3801660749807876e-05
1.5292456765263818e-05
1.6921726586140794e-05
1.8697836867518996e-05
2.0617865426422280e-05
2.2682473374255041e-05
2.4909887738366567e-05
2.7306481946939963e-05
2.9868651321400323e-05
3.2595486964702044e-05
3.5480916887370789e-05
3.8522857448291983e-05
4.1724221972978649e-05
4.5080697141756604e-05
4.8584669787047691e-05
5.2235803876885418e-05
5.6038358664415531e-05
5.9994680228240775e-05
6.4091800188396047e-05
6.8325467297197052e-05
7.2718445654955638e-05
7.7274293506162062e-05
8.1983026159675572e-05
8.6841364037992396e-05
9.1847316518990844e-05
9.6990959544023507e-05
1.0225955251361265e-04
1.0765197081623172e-04
1.1319475957290729e-04
1.1891322341682011e-04
1.2478343623895707e-04
1.3076075110648227e-04
1.3684425927022606e-04
1.4308130028071732e-04
1.4949134016576946e-04
1.5606096113471285e-04
1.6278344858847369e-04
1.6965281182049243e-04
1.7664825386370882e-04
1.8376583270834199e-04
1.9102498926921744e-04
1.9843257731897557e-04
2.0596962424272063e-04
2.1361787910409251e-04
2.2138055943279739e-04
2.2924877556077197e-04
2.3723371560699174e-04
2.4536882302918440e-04
2.5365287428830656e-04
2.6206961305702905e-04
2.7060954286372923e-04
2.7928238957477679e-04
2.8809114308663388e-04
2.9701787981893072e-04
3.0603150083711273e-04
3.1513291955597176e-04
3.2434892801551742e-04
3.3366256752623638e-04
3.4304685769677017e-04
3.5250492325966849e-04
3.6207136242657443e-04
3.7176816661866686e-04
3.8159024680639125e-04
3.9152375279149847e-04
4.0152087186359032e-04
4.1158229461255328e-04
4.2180137229129525e-04
4.3218319863594254e-04
4.4266724710744496e-04
4.5323180378768947e-04
4.6389142519561593e-04
4.7468059263516057e-04
4.8563213146991639e-04
4.9683813507401706e-04
5.0834000000000003e-04
    ];
idsmat(:,2)=[...
0.0000000000000000e+00
2.3429470173675320e-07
4.5905977808218715e-07
6.7625738895521959e-07
8.9456962106367877e-07
1.1218886356541349e-06
1.3637318014216452e-06
1.6226639352603465e-06
1.8994694244051935e-06
2.1944100577307303e-06
2.5069785573382346e-06
2.8380679363787039e-06
3.1912157459566791e-06
3.5681947659622700e-06
3.9689519375926919e-06
4.3946397956365146e-06
4.8494990171569951e-06
5.3397782260943414e-06
5.8737725447264797e-06
6.4593740068546718e-06
7.1001280227956073e-06
7.8054272486178280e-06
8.5876060018821939e-06
9.4554321749585450e-06
1.0419055685191992e-05
1.1492364660392051e-05
1.2682276953254084e-05
1.3983266205735086e-05
1.5393096288097819e-05
1.6914974382109880e-05
1.8552174015037702e-05
2.0312847742129728e-05
2.2208951356680075e-05
2.4236322334639509e-05
2.6388745086509884e-05
2.8668392269100503e-05
3.1076311801035700e-05
3.3613151375688309e-05
3.6280956948808930e-05
3.9077841800063126e-05
4.1996071948961379e-05
4.5038502874234100e-05
4.8211781597559646e-05
5.1509441252723383e-05
5.4917672188033252e-05
5.8443877411090082e-05
6.2117045206657443e-05
6.5942096224936073e-05
6.9903919710538520e-05
7.4000281632640585e-05
7.8232363971119512e-05
8.2590770667803371e-05
8.7070917446584325e-05
9.1679267660045198e-05
9.6426786686884541e-05
1.0131181324987253e-04
1.0631921393455735e-04
1.1143787539361188e-04
1.1667941923455872e-04
1.2207645656190486e-04
1.2763539868483861e-04
1.3335848438416714e-04
1.3923668983126578e-04
1.4524961861524523e-04
1.5140389651399172e-04
1.5770706381414685e-04
1.6415661980480697e-04
1.7075541039859730e-04
1.7749128439925089e-04
1.8433578394136171e-04
1.9129952769375883e-04
1.9839044236280736e-04
2.0560475234490254e-04
2.1298447798129559e-04
2.2055011178872034e-04
2.2828002073997189e-04
2.3615632537616393e-04
2.4415729998248389e-04
2.5226434341455741e-04
2.6049718325929467e-04
2.6889140091238716e-04
2.7745329105164734e-04
2.8613288197978015e-04
2.9490448749697944e-04
3.0375927354385024e-04
3.1272108360252368e-04
3.2184438591440628e-04
3.3109638988113759e-04
3.4045727697895329e-04
3.4995202465812130e-04
3.5956200005039118e-04
3.6927187535782996e-04
3.7912096439283674e-04
3.8910219001688884e-04
3.9919796694448374e-04
4.0943698793433823e-04
4.1984924153480802e-04
4.3041681033157287e-04
4.4107267983833399e-04
4.5177089783626117e-04
4.6249999999999980e-04
    ];
idsmat(:,3)=[...
0.0000000000000000e+00
2.2983110837740554e-07
4.4999096465063811e-07
6.6193178527919610e-07
8.7410765954750205e-07
1.0958191128336619e-06
1.3332337175418576e-06
1.5878436834969225e-06
1.8592353112216217e-06
2.1474034098296069e-06
2.4528653471271867e-06
2.7750830986652091e-06
3.1142475328481940e-06
3.4727302931227684e-06
3.8528896625314606e-06
4.2564050683030173e-06
4.6852331634905631e-06
5.1426261229574354e-06
5.6350719092816208e-06
6.1710655283830863e-06
6.7554602839162889e-06
7.3937886495394618e-06
8.0944205871096723e-06
8.8656643799165254e-06
9.7148659927629855e-06
1.0648960780810253e-05
1.1672185596709878e-05
1.2787507052928187e-05
1.3995649540120084e-05
1.5293358154449519e-05
1.6676753379983416e-05
1.8151875845793883e-05
1.9736564477746198e-05
2.1435641858644658e-05
2.3240041083393206e-05
2.5144916407330068e-05
2.7150576585878654e-05
2.9258975194599230e-05
3.1475022915076486e-05
3.3801766462418955e-05
3.6232576342505081e-05
3.8765612998532820e-05
4.1411694123763371e-05
4.4173398450406945e-05
4.7034397064611263e-05
4.9992061778384327e-05
5.3073505743434963e-05
5.6289927347960469e-05
5.9635835196401074e-05
6.3113691839768515e-05
6.6719427448713221e-05
7.0444727253953909e-05
7.4289999503692668e-05
7.8263065231908002e-05
8.2369623453539564e-05
8.6608787267170191e-05
9.0978802438876748e-05
9.5464752826287996e-05
1.0006130488869399e-04
1.0479584860561864e-04
1.0968198802890837e-04
1.1471157928318050e-04
1.1989429891880286e-04
1.2524472327764136e-04
1.3074747126241162e-04
1.3637352473824511e-04
1.4212809638200485e-04
1.4803380225941265e-04
1.5409474181894762e-04
1.6030876706301278e-04
1.6665918651518512e-04
1.7310803334956169e-04
1.7967337912840509e-04
1.8640443005231034e-04
1.9330021850126871e-04
2.0033811630603221e-04
2.0750695528640910e-04
2.1480913647038959e-04
2.2224629076475830e-04
2.2983626152211335e-04
2.3760135741059276e-04
2.4552274956320347e-04
2.5355708857429873e-04
2.6170638349322026e-04
2.6996536340596569e-04
2.7833561410122581e-04
2.8683370949599544e-04
2.9547513393044926e-04
3.0428518127410939e-04
3.1324765111505326e-04
3.2233312613356248e-04
3.3153959251891474e-04
3.4088941368362851e-04
3.5039164733961217e-04
3.6003038173399365e-04
3.6976490249828077e-04
3.7956622179654724e-04
3.8946867978013509e-04
3.9944217960075800e-04
4.0943981288287217e-04
4.1947000000000008e-04
    ];
